25
0   14  3668  n
0   18  7143  a
0   19  4921  a
1   2   5256  a
1   5   6259  a
1   6   2053  n
1   11  2893  n
1   22  3742  a
1   23  5350  n
2   1   1147  a
2   3   8552  a
2   6   4186  a
2   11  5526  n
2   17  3106  a
2   18  7456  a
2   22  9049  n
3   1   4750  a
3   6   7294  a
3   10  6998  a
3   13  2490  a
4   3   7463  n
4   7   5211  n
4   9   1506  n
4   10  9740  a
4   11  4743  a
4   20  3800  n
5   0   2873  a
5   4   3979  n
5   15  4023  a
5   21  5096  n
5   22  2279  n
6   4   2029  a
6   17  8358  a
6   24  9683  a
7   5   2045  a
7   8   7084  a
7   11  9564  a
7   15  2962  a
7   17  9055  a
7   18  1777  a
8   1   5518  n
8   2   2602  a
8   3   4182  a
8   7   9859  n
8   16  7146  n
8   20  1668  a
8   21  6187  a
9   5   5483  a
9   7   4246  n
9   11  1799  n
9   14  8918  n
9   15  6939  a
9   17  3235  n
9   21  2269  a
10  0   9747  a
10  15  5897  n
10  16  8133  n
10  22  4971  n
11  4   9545  a
11  6   2740  a
11  9   7902  a
11  15  9499  a
11  17  2588  n
11  20  8188  n
11  24  5921  n
12  4   1552  a
12  6   9611  a
12  13  2587  a
12  24  9250  n
13  1   6726  n
13  9   4973  n
13  15  2892  a
13  20  4089  a
14  3   6385  a
14  9   3024  a
14  18  7629  a
14  24  5741  a
15  2   2109  a
15  3   5515  n
15  8   5717  a
15  20  3926  n
15  22  6786  a
15  23  1085  a
16  9   6092  n
17  9   5490  n
17  10  5776  a
17  15  8413  a
17  19  6182  n
17  20  6274  n
17  22  1887  n
17  24  9035  n
18  2   7667  n
18  3   3443  a
18  5   5249  a
18  6   1015  n
18  10  2282  a
18  12  5445  a
19  12  2051  a
19  17  2355  a
20  1   1726  a
20  10  1306  n
20  12  3047  a
20  14  6637  n
20  23  6908  n
21  0   1744  n
21  13  7162  a
21  19  5513  n
22  0   3944  a
22  1   8198  n
22  11  6366  a
22  19  9431  n
23  2   4352  n
23  3   4551  n
23  14  6714  n
24  10  7919  n
24  12  9179  n
24  13  9870  n
24  18  9517  a
24  19  6803  a
-1


+++ Original graph
    0 ->  14 (3668, n)	18 (7143, a)	19 (4921, a)	
    1 ->  2 (5256, a)	5 (6259, a)	6 (2053, n)	11 (2893, n)	22 (3742, a)	23 (5350, n)	
    2 ->  1 (1147, a)	3 (8552, a)	6 (4186, a)	11 (5526, n)	17 (3106, a)	18 (7456, a)	22 (9049, n)	
    3 ->  1 (4750, a)	6 (7294, a)	10 (6998, a)	13 (2490, a)	
    4 ->  3 (7463, n)	7 (5211, n)	9 (1506, n)	10 (9740, a)	11 (4743, a)	20 (3800, n)	
    5 ->  0 (2873, a)	4 (3979, n)	15 (4023, a)	21 (5096, n)	22 (2279, n)	
    6 ->  4 (2029, a)	17 (8358, a)	24 (9683, a)	
    7 ->  5 (2045, a)	8 (7084, a)	11 (9564, a)	15 (2962, a)	17 (9055, a)	18 (1777, a)	
    8 ->  1 (5518, n)	2 (2602, a)	3 (4182, a)	7 (9859, n)	16 (7146, n)	20 (1668, a)	21 (6187, a)	
    9 ->  5 (5483, a)	7 (4246, n)	11 (1799, n)	14 (8918, n)	15 (6939, a)	17 (3235, n)	21 (2269, a)	
    10 ->  0 (9747, a)	15 (5897, n)	16 (8133, n)	22 (4971, n)	
    11 ->  4 (9545, a)	6 (2740, a)	9 (7902, a)	15 (9499, a)	17 (2588, n)	20 (8188, n)	24 (5921, n)	
    12 ->  4 (1552, a)	6 (9611, a)	13 (2587, a)	24 (9250, n)	
    13 ->  1 (6726, n)	9 (4973, n)	15 (2892, a)	20 (4089, a)	
    14 ->  3 (6385, a)	9 (3024, a)	18 (7629, a)	24 (5741, a)	
    15 ->  2 (2109, a)	3 (5515, n)	8 (5717, a)	20 (3926, n)	22 (6786, a)	23 (1085, a)	
    16 ->  9 (6092, n)	
    17 ->  9 (5490, n)	10 (5776, a)	15 (8413, a)	19 (6182, n)	20 (6274, n)	22 (1887, n)	24 (9035, n)	
    18 ->  2 (7667, n)	3 (3443, a)	5 (5249, a)	6 (1015, n)	10 (2282, a)	12 (5445, a)	
    19 ->  12 (2051, a)	17 (2355, a)	
    20 ->  1 (1726, a)	10 (1306, n)	12 (3047, a)	14 (6637, n)	23 (6908, n)	
    21 ->  0 (1744, n)	13 (7162, a)	19 (5513, n)	
    22 ->  0 (3944, a)	1 (8198, n)	11 (6366, a)	19 (9431, n)	
    23 ->  2 (4352, n)	3 (4551, n)	14 (6714, n)	
    24 ->  10 (7919, n)	12 (9179, n)	13 (9870, n)	18 (9517, a)	19 (6803, a)	

AI subgraph
    0 ->  18 (7143, a)	19 (4921, a)	
    1 ->  2 (5256, a)	5 (6259, a)	22 (3742, a)	
    2 ->  1 (1147, a)	3 (8552, a)	6 (4186, a)	17 (3106, a)	18 (7456, a)	
    3 ->  1 (4750, a)	6 (7294, a)	10 (6998, a)	13 (2490, a)	
    4 ->  10 (9740, a)	11 (4743, a)	
    5 ->  0 (2873, a)	15 (4023, a)	
    6 ->  4 (2029, a)	17 (8358, a)	24 (9683, a)	
    7 ->  5 (2045, a)	8 (7084, a)	11 (9564, a)	15 (2962, a)	17 (9055, a)	18 (1777, a)	
    8 ->  2 (2602, a)	3 (4182, a)	20 (1668, a)	21 (6187, a)	
    9 ->  5 (5483, a)	15 (6939, a)	21 (2269, a)	
    10 ->  0 (9747, a)	
    11 ->  4 (9545, a)	6 (2740, a)	9 (7902, a)	15 (9499, a)	
    12 ->  4 (1552, a)	6 (9611, a)	13 (2587, a)	
    13 ->  15 (2892, a)	20 (4089, a)	
    14 ->  3 (6385, a)	9 (3024, a)	18 (7629, a)	24 (5741, a)	
    15 ->  2 (2109, a)	8 (5717, a)	22 (6786, a)	23 (1085, a)	
    16 ->  
    17 ->  10 (5776, a)	15 (8413, a)	
    18 ->  3 (3443, a)	5 (5249, a)	10 (2282, a)	12 (5445, a)	
    19 ->  12 (2051, a)	17 (2355, a)	
    20 ->  1 (1726, a)	12 (3047, a)	
    21 ->  13 (7162, a)	
    22 ->  0 (3944, a)	11 (6366, a)	
    23 ->  
    24 ->  18 (9517, a)	19 (6803, a)	

+++ Cheapest AI prices
    0 ->        0  15336  14560  10586   8524  12392  16007 ------  18168  21169   9425  13267   6972   9559 ------  12451 ------   7276   7143   4921  13648  23438  19078  13536  25690 
    1 ->     7686      0   5256  13808  11471   6259   9442 ------  15999  18010  14138  10108  14658  16298 ------  10282 ------   8362  12712  12607  17667  20279   3742  11367  19125 
    2 ->     8833   1147      0   8552   6215   7406   4186 ------  17146  18860   8882  10958  12901  11042 ------  11429 ------   3106   7456  13754  15131  21129   4889  12514  13869 
    3 ->    12436   4750   7491      0   9323  11009   7294 ------  11099  21968   6998  14066   9626   2490 ------   5382 ------  10597  14947  17357   6579  17286   8492   6467  16977 
    4 ->    19487  17498  16351  24141      0  18128   7483 ------  19959  12645   9740   4743  24674  22076 ------  14242 ------  15841  23807  23969  21627  14914  21028  15327  17166 
    5 ->     2873   7279   6132  13459  11397      0  10318 ------   9740  24042  12298  16140   9845  12432 ------   4023 ------   9238  10016   7794  11408  15927  10809   5108  20001 
    6 ->    21516  19527  18380  22643   2029  20157      0 ------  21988  14674  11769   6772  18537  21124 ------  16271 ------   8358  19200  16486  23656  16943  23057  17356   9683 
    7 ->     4918   6218   5071   5220   8774   2045   9257      0   7084  17466   4059   9564   7222   7710 ------   2962 ------   8177   1777   9839   8752  13271   9748   4047  18940 
    8 ->    11080   3394   2602   4182   6267   9653   6788 ------      0  18912  11180  11010   4715   6672 ------   9564 ------   5708  10058  16001   1668   6187   7136  10649  16471 
    9 ->     8356  10195   9048  16838  15263   5483  13234 ------  12656      0  17781  20006  15328   9431 ------   6939 ------  12154  15499  13277  13520   2269  13725   8024  22917 
    10 ->     9747  25083  24307  20333  18271  22139  25754 ------  27915  30916      0  23014  16719  19306 ------  22198 ------  17023  16890  14668  23395  33185  28825  23283  35437 
    11 ->    16258  12755  11608  19398   4769  13385   2740 ------  15216   7902  14509      0  19931  17333 ------   9499 ------  11098  19064  19226  16884  10171  16285  10584  12423 
    12 ->    16088   8402   7588  15378   1552  14661   9035 ------  11196  14197  11292   6295      0   2587 ------   5479 ------  10694  15044  21009   6676  16466  12144   6564  18718 
    13 ->    13501   5815   5001  12791   8688  12074   9187 ------   8609  21333  13883  13431   7136      0 ------   2892 ------   8107  12457  18422   4089  14796   9557   3977  18870 
    14 ->    11380  11135  12072   6385  14626   8507  13679 ------  15680   3024   9911  19369  13074   8875      0   9963 ------  14899   7629  12544  12964   5293  14877  11048   5741 
    15 ->    10730   3256   2109   9899   8324   9515   6295 ------   5717  20969  10991  13067  10432  12389 ------      0 ------   5215   9565  15651   7385  11904   6786   1085  15978 
    16 ->   ------ ------ ------ ------ ------ ------ ------ ------ ------ ------ ------ ------ ------ ------ ------ ------      0 ------ ------ ------ ------ ------ ------ ------ ------ 
    17 ->    15523  11669  10522  18312  16737  17928  14708 ------  14130  29382   5776  21480  18845  20802 ------   8413 ------      0  17978  20444  15798  20317  15199   9498  24391 
    18 ->     8122   8193  10934   3443   6997   5249  10737 ------  14542  19642   2282  11740   5445   5933 ------   8825 ------  14040      0  13043  10022  20729  11935   9910  20420 
    19 ->    17878  10453   9639  17429   3603  16712  11086 ------  13247  16248   8131   8346   2051   4638 ------   7530 ------   2355  17095      0   8727  18517  14195   8615  20769 
    20 ->     9412   1726   6982  15534   4599   7985  11168 ------  14243  17244  14339   9342   3047   5634 ------   8526 ------  10088  14438  14333      0  19513   5468   9611  20851 
    21 ->    20663  12977  12163  19953  15850  19236  16349 ------  15771  28495  21045  20593  14298   7162 ------  10054 ------  15269  19619  25584  11251      0  16719  11139  26032 
    22 ->     3944  19121  17974  14530  11135  16336   9106 ------  21582  14268  13369   6366  10916  13503 ------  15865 ------  11220  11087   8865  17592  16537      0  16950  18789 
    23 ->   ------ ------ ------ ------ ------ ------ ------ ------ ------ ------ ------ ------ ------ ------ ------ ------ ------ ------ ------ ------ ------ ------ ------      0 ------ 
    24 ->    17639  17256  16442  12960  10406  14766  17889 ------  20050  23051  11799  15149   8854  11441 ------  14333 ------   9158   9517   6803  15530  25320  20998  15418      0 

+++ Cheapest prices with at most one non-AI leg
    0 ->        0  15336  14560  10586   8524  12392  16007  13735  18168  21169   9425  13267   6972   9559   3668  12451  17558   7276   7143   4921  13648  23438  19078  13536  25690 
    1 ->     7686      0   5256  13808  11471   6259   9442  16682  15999  18010  14138  10108  14658  16298  11354  10282  22271   8362  12712  12607  17667  20279   3742  11367  19125 
    2 ->     8833   1147      0   8552   6215   7406   4186  11426  17146  18860   8882  10958  12901  11042  12501  11429  17015   3106   7456  13754  15131  21129   4889  12514  13869 
    3 ->    12436   4750   7491      0   9323  11009   7294  14534  11099  21968   6998  14066   9626   2490  13181   5382  15131  10597  14947  17357   6579  17286   8492   6467  16977 
    4 ->    19487  17498  16351  24141      0  18128   7483   5211  19959  12645   9740   4743  24674  22076  21563  14242  17873  15841  23807  23969  21627  14914  21028  15327  17166 
    5 ->     2873   7279   6132  13459  11397      0  10318  16608   9740  24042  12298  16140   9845  12432   6541   4023  16886   9238  10016   7794  11408  15927  10809   5108  20001 
    6 ->    21516  19527  18380  22643   2029  20157      0   7240  21988  14674  11769   6772  18537  21124  23592  16271  19902   8358  19200  16486  23656  16943  23057  17356   9683 
    7 ->     4918   6218   5071   5220   8774   2045   9257      0   7084  17466   4059   9564   7222   7710   8586   2962  12192   8177   1777   9839   8752  13271   9748   4047  18940 
    8 ->    11080   3394   2602   4182   6267   9653   6788   9859      0  18912  11180  11010   4715   6672   8305   9564   7146   5708  10058  16001   1668   6187   7136  10649  16471 
    9 ->     8356  10195   9048  16838  15263   5483  13234   4246  12656      0  17781  20006  15328   9431   8918   6939  19802  12154  15499  13277  13520   2269  13725   8024  22917 
    10 ->     9747  25083  24307  20333  18271  22139  25754  23482  27915  30916      0  23014  16719  19306  13415  22198   8133  17023  16890  14668  23395  33185  28825  23283  35437 
    11 ->    16258  12755  11608  19398   4769  13385   2740   9980  15216   7902  14509      0  19931  17333  16820   9499  22362  11098  19064  19226  16884  10171  16285  10584  12423 
    12 ->    16088   8402   7588  15378   1552  14661   9035   6763  11196  14197  11292   6295      0   2587  13278   5479  18342  10694  15044  21009   6676  16466  12144   6564  18718 
    13 ->    13501   5815   5001  12791   8688  12074   9187  13899   8609  21333  13883  13431   7136      0  10691   2892  15755   8107  12457  18422   4089  14796   9557   3977  18870 
    14 ->    11380  11135  12072   6385  14626   8507  13679   7270  15680   3024   9911  19369  13074   8875      0   9963  18044  14899   7629  12544  12964   5293  14877  11048   5741 
    15 ->    10730   3256   2109   9899   8324   9515   6295  13535   5717  20969  10991  13067  10432  12389   7799      0  12863   5215   9565  15651   7385  11904   6786   1085  15978 
    16 ->    14448  16287  15140  22930  21355  11575  19326 ------  18748   6092  23873  26098  21420  15523 ------  13031      0  18246  21591  19369  19612   8361  19817  14116  29009 
    17 ->    15523  11669  10522  18312  16737  17928  14708  21948  14130  29382   5776  21480  18845  20802  16212   8413  13909      0  17978  20444  15798  20317  15199   9498  24391 
    18 ->     8122   8193  10934   3443   6997   5249  10737  12208  14542  19642   2282  11740   5445   5933  11790   8825  10415  14040      0  13043  10022  20729  11935   9910  20420 
    19 ->    17878  10453   9639  17429   3603  16712  11086   8814  13247  16248   8131   8346   2051   4638  15329   7530  16264   2355  17095      0   8727  18517  14195   8615  20769 
    20 ->     9412   1726   6982  15534   4599   7985  11168   9810  14243  17244  14339   9342   3047   5634   6637   8526  21389  10088  14438  14333      0  19513   5468   9611  20851 
    21 ->    20663  12977  12163  19953  15850  19236  16349  21061  15771  28495  21045  20593  14298   7162  17853  10054  22917  15269  19619  25584  11251      0  16719  11139  26032 
    22 ->     3944  19121  17974  14530  11135  16336   9106  16346  21582  14268  13369   6366  10916  13503   7612  15865  21502  11220  11087   8865  17592  16537      0  16950  18789 
    23 ->    13185   5499   4352   4551  10567  11758   8538 ------  15650   9738  11549  15310  14177   7041   6714   9933 ------   7458  11808  18106  11130  12007   9241      0  12455 
    24 ->    17639  17256  16442  12960  10406  14766  17889  15617  20050  23051  11799  15149   8854  11441  21307  14333  19932   9158   9517   6803  15530  25320  20998  15418      0 

+++ Cheapest prices with any number of non-AI legs
    0 ->        0  15336  14560  10586   8524  12392  16007  10938  18168  21169   9425  13267   6972   9559   3668  12451  17558   7276   7143   4921  13648  23438  19078  13536  25690 
    1 ->     7686      0   5256  13808  11471   6259   9442   9293  15999  18010  14138  10108  14658  16298  11354  10282  17321   8362  12712  12607  17667  20279   3742  11367  19125 
    2 ->     8833   1147      0   8552   6215   7406   4186  10440  17146  18860   8882  10958  12901  11042  12501  11429  17015   3106   7456  13754  15131  21129   4889  12514  13869 
    3 ->    12436   4750   7491      0   9323  11009   7294  11709  11099  21968   6998  14066   9626   2490  13181   5382  15131  10597  14947  17357   6579  17286   8492   6467  16977 
    4 ->    19487  17498  16351  24141      0  18128   7483   5211  19959  12645   9740   4743  24674  22076   9187  14242  13239  15841  23807  23969  21627  14914  21028  15327  17166 
    5 ->     2873   7279   6132  13459  11397      0  10318   9190   9740  24042  12298  16140   9845  12432   6541   4023  16886   9238  10016   7794  11408  15927  10809   5108  20001 
    6 ->    21516  19527  18380  22643   2029  20157      0   7240  21988  14674  11769   6772  18537  21124  11216  16271  15268   8358  19200  16486  23656  16943  23057  17356   9683 
    7 ->     4918   6218   5071   5220   8774   2045   9257      0   7084  17466   4059   9564   7222   7710   8586   2962  12192   8177   1777   9839   8752  13271   9748   4047  18940 
    8 ->    11080   3394   2602   4182   6267   9653   6788   9859      0  18912  11180  11010   4715   6672   8305   9564   7146   5708  10058  16001   1668   6187   7136  10649  16471 
    9 ->     8356  10195   9048  16838  15263   5483  13234   4246  12656      0  17781  20006  15328   9431   7681   6939  16438  12154  15499  13277  13520   2269  13725   8024  22917 
    10 ->     9747  25083  24307  20333  18271  22139  25754  18446  27915  30916      0  23014  16719  19306  12583  22198   8133  17023  16890  14668  23395  33185  28825  23283  35437 
    11 ->    16258  12755  11608  19398   4769  13385   2740   9980  15216   7902  14509      0  19931  17333  12087   9499  16497  11098  19064  19226  16884  10171  16285  10584  12423 
    12 ->    16088   8402   7588  15378   1552  14661   9035   6763  11196  14197  11292   6295      0   2587  10739   5479  14791  10694  15044  21009   6676  16466  12144   6564  18718 
    13 ->    13501   5815   5001  12791   8688  12074   9187   9219   8609  21333  13883  13431   7136      0  10691   2892  13528   8107  12457  18422   4089  14796   9557   3977  18870 
    14 ->    11380  11135  12072   6385  14626   8507  13679   7270  15680   3024   9911  19369  13074   8875      0   9963  18044  14899   7629  12544  12964   5293  14877  11048   5741 
    15 ->    10730   3256   2109   9899   8324   9515   6295  12549   5717  20969  10991  13067  10432  12389   7799      0  12863   5215   9565  15651   7385  11904   6786   1085  15978 
    16 ->    10105  16287  15140  15558  12660  11575  10631  10338  17422   6092  14397   7891  15925  15523  13773  13031      0   9327  12115  13874  15601   8361  11214  14116  13812 
    17 ->    15523  11669  10522  18312  16737  17928  14708   9736  14130  29382   5776  21480  18845  20802   9499   8413  13909      0  17978  20444  15798  20317  15199   9498  24391 
    18 ->     8122   8193  10934   3443   6997   5249  10737   8255  14542  19642   2282  11740   5445   5933  11790   8825  10415  14040      0  13043  10022  20729  11935   9910  20420 
    19 ->    17878  10453   9639  17429   3603  16712  11086   8814  13247  16248   8131   8346   2051   4638  11854   7530  16264   2355  17095      0   8727  18517  14195   8615  20769 
    20 ->     9412   1726   6982  15534   4599   7985  11168   9810  14243  17244  14339   9342   3047   5634   6637   8526   9439  10088  14438  14333      0  19513   5468   9611  20851 
    21 ->    20663  12977  12163  19953  15850  19236  16349  12682  15771  28495  21045  20593  14298   7162   5412  10054  19302  15269  19619  25584  11251      0  16719  11139  26032 
    22 ->     3944  19121  17974  14530  11135  16336   9106  14882  21582  14268  13369   6366  10916  13503   7612  15865  21502  11220  11087   8865  17592  16537      0  16950  18789 
    23 ->    13185   5499   4352   4551   9581  11758   7552  13984  15650   9738  11549   8392  14177   7041   6714   9933  19682   7458  11808  13640  11130  12007   9241      0  12455 
    24 ->    17639  17256  16442  12960  10406  14766  17889  15617  20050  23051  11799  15149   8854  11441  18657  14333  16052   9158   9517   6803  15530  25320  20998  15418      0 
